Names	total	elements

GSE33814 GSE37031 GSE89632	13	
51280 ILMN_1766405
3485 ILMN_1725193
10537 ILMN_1678841
10912 ILMN_1651498
7057 ILMN_1686116
2353 ILMN_1669523
3484 ILMN_1728445
80303 ILMN_1779448
8835 ILMN_1798926
8660 ILMN_2083469
83716 ILMN_1790689
55908 ILMN_1764714
29947 ILMN_1778357

GSE33814 GSE37031	10	
54463
54112
3949
4942
2195
387763
90634
3303
9235
56892

GSE33814 GSE89632	31	
11015
388115
9023
55132
1026
5646
159371
8857
6347
3960
64393
54825
5376
6876
771
11075
57016
5284
151126
312
2296
89870
2494
1013
51330
64072
3576
84803
22865
1917
6364

GSE37031 GSE89632	38	
150094
6385
120224
9066
2326
80833
8870
90141
9314
3726
64651
2354
4609
467
1827
1316
1052
4783
22822
28984
3725
5033
57678
8343
11221
84962
23764
79782
7538
4199
9540
1958
3491
4929
158056
9510
3557
3164

GSE33814	395	7803
127
30008
81567
4316
84619
4060
211
7168
57007
4501
338094
4018
5918
79679
1259
9961
26002
2328
10244
2194
2274
65059
486
140606
1278
94234
1728
10402
2939
10840
30851
107
39
84675
7466
55244
2719
581
201895
57801
1576
343071
8842
5730
27122
2220
6352
4493
23584
56241
5136
51166
3908
3251
3598
120425
1776
85409
54102
2192
55107
54659
7076
5105
6309
63924
8424
5654
4256
27232
977
54996
182
1511
55089
7431
56925
4128
29958
1579
6716
64816
51186
130
10516
388610
2239
8836
1557
2056
441282
84886
6590
3483
5327
388722
3790
3479
4070
414328
7447
5629
78989
5603
2150
6720
130013
84168
847
2821
79987
4478
1634
6768
221357
51302
3490
440
1289
1282
25984
6035
1277
8510
6718
6999
3248
3489
1036
51227
27111
54206
29968
36
8425
2878
6363
83483
345557
125
4072
25840
51237
3880
3556
5159
161247
83643
2934
100133941
1535
4239
10891
56994
10418
165
5270
84795
140462
6696
51557
915
4522
51171
64856
5649
8547
282679
55506
64776
392636
22837
8555
10
1805
11261
80201
7915
210
54363
6652
2920
11033
10164
79895
7169
55638
133686
286410
4495
10653
4143
8912
54749
57600
8309
144363
114818
348158
5444
2160
5502
51170
226
6529
5947
5214
4329
4913
6662
23423
3693
51266
84171
203228
4496
28234
285189
3931
10249
5053
7450
367
9970
23187
6694
3083
5166
6344
58489
80114
6554
84059
2182
3855
3956
133584
2995
3671
7033
552900
3398
2950
137872
9168
81618
6277
54097
10525
84790
3399
3575
79814
3250
79901
4240
10599
9315
81606
3781
6284
6372
7430
1809
5858
9780
56667
65997
2202
129807
590
4499
57111
2938
10878
6920
6342
8529
26508
6447
54997
4311
5999
5604
134147
57124
26470
9920
1592
8864
10247
23408
4494
6898
6275
476
29974
64699
5348
2633
3543
9289
2888
10020
635
339390
7070
56521
55356
34
1346
64855
3078
10903
1806
2954
64094
57733
94081
3131
246778
11199
389434
6307
6653
6366
2998
26355
2877
11185
47
6296
2042
5156
55256
871
302
401613
402
57142
23753
6714
3959
81494
284119
8407
5168
2165
7058
1837
3778
55227
1672
8631
2327
3934
3512
18
9719
9104
1393
26577
127435
80115
6368
10319
28970
2053
5010
760
10877
1366
1043
27141
10332
8613
23498
3306
25999
84693
90102
1544
123264
10171
9071
6272
7399
4050
7296
2729
84735
345275
51179
117247

GSE37031	97	65986
8647
2538
152926
54886
53345
5473
91947
51109
10560
2330
284702
1522
678
55902
9963
23133
85236
1959
100133116
50814
29095
91614
29034
3422
3034
9518
1843
1543
1476
2222
51635
22936
154
6713
9611
1717
1848
55266
230
7069
10099
7050
353322
3394
1428
83872
79071
201799
6566
201161
11234
3625
390
10157
55096
7465
4170
91107
135932
79841
114789
388
83729
29098
10221
64762
5187
677
5244
65109
23411
7832
1069
1490
171546
7763
25805
26471
10365
122622
4645
10468
55129
9592
374378
2627
2027
26269
83953
54407
3017
5966
84561
79070
8644
3304

GSE89632	478	2678
8728
5979
1050
80176
29089
7004
11170
25976
23409
7378
26022
8743
728
6541
90523
1969
6358
10633
3172
917
11213
29950
401388
79843
154075
164091
55222
10864
84159
159963
5873
1667
389084
2114
730101
91862
9232
2676
5596
100131726
7098
6286
23089
58490
84852
1130
5209
79807
100129583
27295
25854
10509
7056
26586
23223
693149
1723
11119
51222
729747
1440
63926
57060
5806
26220
91452
415116
440570
203197
1622
8013
80168
59272
493
796
79575
10144
6913
55120
79919
9832
7052
23082
1983
388125
142683
10957
26796
57162
2081
148523
8462
26777
2308
5069
7113
4938
266697
56961
154467
5292
80339
28513
6283
25766
200315
55830
574447
84302
284723
604
654321
84057
374408
330
100113392
9674
57546
124222
5743
1174
51655
83591
84839
50509
7741
64321
56342
27099
5329
6502
6926
64241
90167
55350
257629
646643
3976
9052
132671
23529
2827
8528
100302204
93129
7298
64332
81848
8793
1116
26157
692089
4291
619569
677792
57509
2041
51129
50940
10797
100170841
1462
4681
552
407006
83758
4778
9110
8557
602
11030
3579
11177
643418
10913
79501
389792
441308
23151
24147
11130
79727
54674
10023
201229
650293
64150
57568
389337
26781
730417
3566
5008
11274
84138
406991
29053
3433
3775
3918
4151
4490
148223
5997
5055
10135
8178
51284
55714
3107
25941
168455
22904
374383
23645
114786
400867
57415
5395
8651
23600
4791
2697
2824
6094
837
55509
9021
92691
56848
3067
3096
8715
1524
11113
5272
9725
51473
4283
9094
54578
55166
6103
2358
55422
388121
3382
597
3357
677804
6579
26232
3037
55867
220
25837
6781
399844
5990
9590
4629
10301
8807
3268
64922
203111
645037
1999
2204
3992
143879
10150
2259
117285
100126299
114569
126433
11067
59271
10625
55500
84617
284439
23569
6348
64864
400077
91894
653190
23224
3586
121227
51471
51659
22981
5590
1628
9173
123016
56246
84281
146225
154761
9586
25843
392617
2775
57082
148046
4327
54894
2012
1902
10057
2318
1581
4489
672
1140
983
199699
7132
257160
2167
6004
85450
26047
1154
4608
125113
83597
7130
83539
3437
147463
162461
64386
2537
23594
10602
90007
494514
6542
72
3553
161753
49854
116832
112597
388796
6556
63905
2357
81575
2645
1409
8416
5570
54510
1326
163782
148413
80117
345079
387640
3161
84167
10457
5265
11259
138715
6279
368
23201
79007
116285
4117
23704
6557
5054
23212
10750
57462
114815
9415
1264
199675
140862
60675
3659
64108
1839
9816
5879
1960
29126
2355
5396
11009
645642
8875
2039
174
2892
729396
688
3084
91748
8996
27289
57605
283643
387890
341640
9020
29948
54873
347853
8334
3569
2852
8740
9649
54892
6583
29953
2030
729422
164832
29841
64064
3835
79635
9830
84248
79831
147015
135112
8061
5900
117283
4162
58503
7043
27231
5029
6515
55005
8412
3175
145741
55304
283460
9945
283777
57405
5817
5732
6288
7474
201232
677818
162417
80149
60468
4616
7429
122786
5996
4939
154796
9507
259266
91663
55586
2669
692058
