Names	total	elements

GSE33814 GSE37031 GSE48452 GSE63067 GSE89632	1	
3485

GSE33814 GSE37031 GSE48452 GSE89632	4	
10912
2353
3484
8835

GSE33814 GSE37031 GSE63067 GSE89632	1	
84803

GSE37031 GSE48452 GSE63067 GSE89632	1	
4929

GSE33814 GSE37031 GSE89632	10	
51280
10537
6347
7057
80303
8660
83716
55908
29947
1409

GSE33814 GSE37031 GSE48452	2	
1543
3479

GSE33814 GSE37031 GSE63067	3	
57007
54112
5168

GSE33814 GSE48452 GSE89632	1	
11075

GSE33814 GSE63067 GSE89632	1	
6364

GSE37031 GSE48452 GSE89632	10	
150094
64651
2354
4609
3992
5033
4199
9415
29953
3164

GSE37031 GSE63067 GSE89632	11	
90523
6385
120224
1052
22822
28984
11067
83597
9510
117283
3557

GSE37031 GSE48452 GSE63067	2	
201799
2027

GSE48452 GSE63067 GSE89632	1	
23089

GSE33814 GSE37031	20	211
94234
27232
54463
1557
3949
4942
51557
2195
387763
2920
55638
90634
3303
6898
9235
2877
56892
1672
1544

GSE33814 GSE89632	27	11015
388115
9023
55132
1026
5646
159371
8857
3960
64393
54825
5376
6876
771
57016
5284
151126
312
2296
89870
2494
1013
51330
64072
3576
22865
1917

GSE33814 GSE48452	6	343071
6696
7070
3512
10877
6272

GSE33814 GSE63067	11	1278
54659
8424
6716
2150
1277
6999
3248
114818
4499
4311

GSE37031 GSE89632	39	9066
2308
2326
80833
8870
90141
5743
9314
3726
64332
51129
467
23151
1827
1316
5997
4783
55422
3725
57678
8343
11221
84962
23764
79782
7538
9540
5054
1958
3491
1960
27289
29948
158056
8740
79831
4616
5996
2669

GSE37031 GSE48452	1	252995

GSE37031 GSE63067	7	678
22936
1848
353322
6319
4170
1556

GSE48452 GSE89632	6	4283
1581
2167
140862
283460
7429

GSE63067 GSE89632	33	1050
80176
25976
1667
1723
57162
7113
6283
330
9674
6926
1116
50940
552
3579
10135
168455
837
3096
5272
2358
597
9590
10150
49854
6279
60675
3659
29126
2355
3084
135112
5900

GSE33814	369	7803
127
30008
81567
4316
84619
4060
7168
4501
338094
4018
5918
79679
1259
9961
26002
2328
10244
2194
2274
65059
486
140606
1728
10402
2939
10840
30851
107
39
84675
7466
55244
2719
581
201895
57801
1576
8842
5730
27122
2220
6352
4493
23584
56241
5136
51166
3908
3251
3598
120425
1776
85409
54102
2192
55107
7076
5105
6309
63924
5654
4256
977
54996
182
1511
55089
7431
56925
4128
29958
1579
64816
51186
130
10516
388610
2239
8836
2056
441282
84886
6590
3483
5327
388722
3790
4070
414328
7447
5629
78989
5603
6720
130013
84168
847
2821
79987
4478
1634
6768
221357
51302
3490
440
1289
1282
25984
6035
8510
6718
3489
1036
51227
27111
54206
29968
36
8425
2878
6363
83483
345557
125
4072
25840
51237
3880
3556
5159
6192
161247
83643
2934
100133941
1535
4239
10891
56994
10418
165
5270
84795
140462
915
4522
51171
64856
5649
8547
282679
55506
64776
392636
22837
8555
10
1805
11261
80201
7915
210
54363
6652
11033
6822
10164
79895
7169
133686
286410
4495
10653
4143
8912
54749
57600
8309
144363
348158
5444
2160
5502
51170
226
6529
5947
5214
4329
4913
6662
23423
3693
51266
84171
203228
4496
28234
285189
3931
10249
5053
7450
367
9970
23187
6694
3083
5166
6344
58489
80114
6554
84059
2182
3855
3956
133584
2995
3671
7033
552900
3398
2950
137872
9168
81618
6277
54097
10525
84790
3399
3575
79814
3250
79901
4240
10599
9315
81606
3781
7503
6284
6372
7430
1809
5858
9780
56667
65997
2202
129807
169355
220296
590
57111
2938
10878
6920
6342
8529
26508
6447
54997
5999
5604
134147
57124
26470
9920
1592
8864
10247
23408
4494
6275
476
29974
64699
5348
2633
3543
9289
2888
10020
635
339390
56521
55356
34
1346
64855
3078
10903
1806
2954
64094
57733
94081
3131
246778
11199
389434
6307
6653
6366
2998
26355
11185
47
6296
2042
5156
55256
871
302
401613
402
57142
23753
6714
3959
81494
284119
8407
2165
7058
1837
3778
55227
8631
2327
3934
18
9719
9104
1393
26577
127435
80115
6368
10319
28970
2053
5010
760
1366
1043
27141
10332
8613
23498
3306
25999
84693
90102
123264
10171
9071
7399
4050
7296
2729
84735
345275
51179
117247

GSE37031	123	65986
8647
2538
1363
152926
54886
337
23767
53345
5473
91947
51109
10560
339766
2330
283120
284702
2952
1522
10267
57549
171483
9122
55902
23316
9963
23133
85236
1959
100133116
50814
29095
124739
91614
6462
29034
3422
3034
9518
1843
1831
1476
2222
51635
1359
154
6713
9611
1717
80336
55266
230
7069
51700
140290
80167
10099
6506
7050
3745
3394
1428
83872
84706
79071
6566
201161
11234
3625
390
80765
10157
55096
7465
135114
91107
135932
79841
114789
388
83729
23132
29098
10221
64762
57523
145226
5187
677
5244
65109
23411
7832
22849
54438
1069
1490
171546
7763
25805
26471
10365
122622
5507
55603
4645
10468
55129
286343
9592
374378
2627
26269
83953
54407
3017
1047
5966
84561
79070
115701
8644
3304

GSE89632	417	2678
8728
5979
29089
7004
11170
23409
7378
26022
8743
728
6541
1969
6358
10633
3172
917
11213
29950
401388
79843
154075
164091
55222
10864
84159
159963
5873
389084
2114
730101
91862
9232
2676
5596
100131726
7098
6286
58490
84852
1130
5209
79807
100129583
27295
25854
10509
7056
26586
23223
693149
11119
51222
729747
1440
63926
57060
5806
26220
91452
415116
440570
203197
1622
8013
80168
59272
493
796
79575
10144
6913
55120
79919
9832
7052
23082
1983
388125
142683
10957
26796
2081
148523
8462
26777
5069
2576
4938
266697
56961
154467
5292
80339
28513
25766
200315
55830
574447
84302
284723
604
654321
84057
374408
100113392
57546
124222
1174
51655
83591
84839
50509
7741
64321
56342
27099
5329
6502
64241
90167
55350
257629
646643
3976
9052
132671
23529
2827
8528
100302204
93129
7298
81848
8793
26157
692089
4291
619569
677792
57509
2041
10797
100170841
1462
4681
407006
83758
4778
9110
8557
602
11030
11177
643418
10913
79501
389792
441308
24147
11130
79727
54674
10023
201229
650293
64150
57568
389337
26781
730417
3566
5008
11274
84138
406991
29053
3433
3775
3918
4151
4490
148223
5055
8178
51284
55714
3107
25941
22904
374383
23645
114786
400867
57415
5395
8651
23600
4791
2697
2824
6094
55509
9021
92691
56848
3067
8715
1524
11113
9725
51473
9094
54578
55166
6103
254958
388121
3382
3357
677804
6579
26232
3037
55867
220
25837
6781
399844
5990
4629
10301
8807
3268
64922
203111
645037
1999
2204
143879
2259
117285
100126299
114569
126433
59271
10625
55500
84617
284439
23569
6348
64864
400077
91894
653190
23224
3586
121227
51471
51659
22981
5590
1628
9173
56246
123016
84281
146225
154761
9586
25843
392617
2775
57082
148046
4327
54894
2012
1902
10057
2318
4489
672
1140
983
199699
7132
257160
6004
85450
26047
1154
4608
125113
7130
83539
3437
147463
162461
64386
2537
23594
10602
90007
494514
6542
72
3553
161753
116832
112597
388796
6556
63905
2357
81575
2645
8416
5570
54510
1326
163782
148413
80117
345079
387640
3161
84167
10457
2577
5265
11259
138715
368
116285
23201
79007
4117
23704
6557
23212
10750
57462
114815
1264
199675
64108
1839
9816
5879
5396
11009
645642
8875
2039
174
2892
729396
688
91748
8996
57605
283643
387890
341640
9020
54873
347853
8334
3569
2852
9649
54892
6583
2030
729422
164832
29841
64064
3835
79635
9830
84248
147015
8061
4162
58503
7043
27231
5029
6515
55005
8412
3175
145741
55304
283777
9945
57405
5817
5732
6288
7474
201232
677818
162417
80149
60468
122786
4939
154796
9507
259266
91663
55586
692058

GSE48452	41	28439
28402
401109
100288805
28912
50802
8431
3500
55959
5981
652070
3039
6066
79094
3503
3494
28396
80274
123876
28442
5563
3507
650669
28424
4225
3514
3040
28309
3493
28831
54768
391004
283392
253650
317730
4685
102724428
3495
64881
3043
2894

GSE63067	73	166929
79799
5825
64092
644246
734
54576
253039
5935
25961
262
6519
23514
54941
1520
6446
27075
9188
54757
8910
3983
65267
9252
54210
85480
54600
5346
1668
2207
4084
79054
2289
81611
56938
64581
3953
4332
840
64167
9414
9263
4071
3964
9076
8553
3383
1439
6280
144100
3459
4773
54658
54101
6402
3950
960
57817
64798
728358
241
5581
9953
7103
116984
2171
54579
3122
388403
54346
5552
64207
1230
92610
