GSE33814 GENE LIST

5629
90102
10247
144363
11075
55356
1806
51280
203228
51227
2494
55132
977
760
10653
10319
3693
80201
55227
55506
26355
10516
3598
2934
133584
5604
29974
5603
6344
84171
7399
486
760
165
84693
286410
1557
414328
84886
3960
57016
9719
127435
1672
10020
7466
10171
64776
90634
7430
4072
3543
7450
90634
590
51557
5105
11033
94081
3398
4128
282679
23408
28234
9920
3556
11075
5010
26577
402
51171
6662
476
27111
54463
9168
84735
51166
10516
3556
2719
47
130013
2202
22865
57111
1917
79814
26002
4060
2950
3490
2150
8613
28970
6342
7076
5053
23423
4239
201895
57600
51302
51170
2888
25999
23584
3303
847
590
3250
54996
64072
100133941
56521
83643
64699
64393
1043
1776
65059
8407
4522
54097
8510
6368
56241
6714
85409
3956
2878
64094
2150
3908
27122
18
64855
3959
64816
159371
3778
25984
10332
10
80115
2195
79987
5156
3790
6768
2729
5646
441282
871
56994
36
11185
3251
80114
26002
6696
388722
302
133686
27232
6999
2998
7070
392636
30851
107
81606
3483
3908
64393
388610
140606
81567
226
3671
10402
3131
6366
3781
388115
2296
6363
55256
54749
9780
2274
81494
10599
7915
7296
3251
4311
6296
57801
2821
3399
25840
117247
55089
2995
79895
8309
6652
55638
9289
284119
1393
6920
9289
10244
4329
39
5444
5159
2274
80303
27141
581
10877
1837
11261
54102
57142
2327
6590
27122
5136
54206
26508
58489
4240
51237
54997
54363
5376
5327
5999
6696
56521
1346
4018
367
8631
1036
8835
5502
23498
345557
8407
7058
2165
552900
120425
6999
1366
11199
3489
2160
9961
83483
81618
64816
29958
30008
3248
11015
1282
246778
2220
1728
3855
7168
8835
114818
6309
51186
5947
211
3306
79901
55244
8660
10878
8424
5730
440
348158
51266
7803
125
54112
9071
9023
285189
1634
8836
10840
5348
915
6296
26470
134147
2239
1809
6035
1026
10249
5168
210
6372
5649
127
140462
5156
3479
339390
7169
915
57124
8425
6277
1259
56667
84168
1544
4942
10903
6718
182
6272
84059
1535
3512
6284
3250
65997
4316
2042
8555
5214
55107
4478
1805
10912
3575
23187
4913
4070
4316
23753
7431
34
401613
771
1592
7033
7447
3931
4143
89870
1289
2328
8864
10537
84803
51179
10164
221357
4050
54659
2633
338094
9071
5166
2056
343071
4501
56892
5654
6275
137872
9104
6447
3949
54825
6720
6372
2182
78989
2053
1278
84790
9235
79901
1576
55908
5270
140462
84675
22837
10525
10249
127
6307
1592
123264
161247
312
6876
1013
1634
4496
348158
1592
389434
9970
10418
6275
151126
8857
8529
7169
2920
6529
3934
1579
56925
79679
4256
130
2194
51179
4494
2939
4942
3880
6898
10891
5284
8912
6652
8547
8836
3484
387763
6347
5918
6653
3078
84795
8842
84675
2954
4495
29968
2192
1511
4256
10249
3576
57733
338094
4499
6876
4496
1277
94234
29947
6364
83716
3485
64856
2938
6716
29947
3576
345275
9235
635
2877
2939
6554
5858
9315
63924
84619
4493
6694
57007
129807
6352
7057
51330
2353
345275
3083


GSE37031 GENE LIST

1959
3491
10468
2353
2354
3725
3484
1316
230
9963
4929
10221
1958
83729
1069
201161
8343
55129
9510
1476
83953
85236
29095
22822
353322
1490
29034
8660
51109
11221
1843
152926
4645
284702
83872
171546
50814
9540
54463
120224
29098
150094
55096
7832
7538
65109
7050
5244
4199
3485
65986
2627
467
10099
390
3949
388
8644
7069
3726
23411
25805
4170
90141
28984
64651
79070
2195
3164
11234
3394
84962
387763
135932
26269
678
56892
9314
3557
55902
29947
8647
9592
3017
7057
8835
1543
9611
51635
54407
9518
3303
9235
83716
4783
677
374378
6713
10157
158056
55266
1052
3304
53345
5033
10912
79071
3422
9066
10560
2027
79841
90634
7465
55908
54112
114789
64762
91614
26471
154
122622
1717
80833
23764
7763
2222
10365
57678
2330
23133
4609
1428
10537
2326
5473
2538
91107
1848
6566
5966
3625
6385
201799
3034
91947
22936
79782
54886
8870
1827
1522
4942
80303
51280
100133116
84561
5187


GSE48452 GENE LIST


GSE63067 GENE LIST


GSE89632 GENE LIST

64651
4616
406991
3726
2354
9021
2353
4609
23645
4609
3725
1052
10912
5292
8835
2355
84803
11170
22822
3491
9510
23082
1969
467
1326
8835
84159
4783
8462
6347
1839
2326
64864
1316
11259
11259
9540
7298
57162
7474
10957
602
51659
85450
8178
5996
3775
28513
387640
81575
29950
5997
7057
150094
79635
3161
3566
11259
28984
92691
494514
11130
22865
8870
51471
604
5900
81848
80149
55222
60468
3164
2308
983
8412
401388
730417
54894
5743
10135
2114
80833
3576
5033
23089
55500
55908
8462
57016
259266
26586
23089
5329
11067
59271
1958
347853
6286
81848
125113
126433
100113392
604
3569
8061
55222
5209
5033
619569
2892
388125
55350
83716
3096
1581
3960
11130
7538
1154
100170841
57546
85450
6515
91894
55422
6385
3437
203111
8996
2012
2892
3566
84852
140862
467
83597
57568
9173
55830
7378
23764
3484
7132
89870
23569
7056
3037
203111
5743
10625
2259
3433
11213
148223
2892
9052
84302
8528
688
26232
114569
11030
25837
9830
55005
168455
83591
60675
9830
9674
23529
9586
1960
8651
10023
9586
23212
415116
55132
7741
55714
4199
1130
3437
1524
90141
5646
9314
3553
80168
63905
23764
4778
2030
728
5029
2357
84962
8013
10602
4929
3037
692089
203197
5329
10633
91663
51284
84248
284723
10150
3164
27289
54873
64108
80117
84617
6502
4929
90167
1917
9094
5873
677792
159371
11015
22822
6358
90007
8013
2041
57060
84138
796
837
5054
9232
4489
574447
8996
143879
2494
1628
493
72
730101
164091
6283
154075
388125
6556
389337
283643
147463
154467
5732
9173
64150
6557
3175
1050
3485
693149
9816
9649
23409
3586
837
10144
1999
23201
6583
3557
84167
2296
692058
10057
2697
50940
91862
26220
135112
3067
57405
56342
3268
3557
729747
26586
3579
2081
10913
11119
2204
8740
23764
80176
4327
7098
4327
8807
1902
10023
23223
84057
257629
54674
132671
50940
5395
147463
8743
64332
26781
55304
79919
5570
91748
2358
22981
84281
9816
8343
79007
162417
8728
29053
3775
9725
1723
9830
84962
4681
64072
6781
64393
7043
57678
392617
1013
4791
389792
8740
1140
146225
10864
51222
63926
124222
148413
6926
5590
5272
154796
5817
26047
25766
10301
23151
23224
164832
57605
26157
23600
8875
374408
7052
148046
29948
3576
8793
3976
6542
79807
283460
5900
4608
161753
51330
25854
1026
154761
60468
917
11221
2167
400867
9110
51129
653190
9590
51655
55166
9945
552
201229
10750
387890
59272
6579
9020
54825
3484
80339
57462
1409
29841
3992
2824
1116
8334
49854
730101
55120
123016
7130
11177
79782
8416
64386
10144
174
4291
55509
50940
2852
4938
2669
116832
120224
114786
100126299
672
112597
54510
142683
23600
374383
4283
158056
6279
26022
151126
93129
5284
1983
7004
9507
29953
3357
29089
341640
8740
388796
6876
148523
672
162461
8857
5329
388125
8715
388121
201232
2824
1174
23594
10797
89870
2678
6876
5806
368
55867
5265
1440
415116
312
79843
2827
284439
4162
2645
57082
64241
5979
64321
56848
1264
100131726
257160
345079
122786
330
9832
643418
23704
10144
4938
83758
4629
8557
25976
5008
54578
54892
10537
26157
4939
29126
22904
3172
10457
7113
51280
121227
9415
5879
3164
330
771
6541
5376
24147
4629
220
200315
58503
60468
3835
55350
4151
29947
27295
26796
64064
25941
26777
6348
6913
11274
1622
84839
58490
2775
283777
138715
9066
80303
4117
100129583
122786
389084
1462
2039
2775
3084
2537
199675
79575
8660
57415
654321
8013
220
3382
6004
3659
5069
6094
91452
5979
11113
83539
5990
27099
57509
50509
8715
145741
116285
4490
114815
5055
147015
56246
11009
5272
597
159963
2318
5055
6103
3918
10509
388115
199699
7429
163782
90523
5596
51473
6288
25843
6364
9023
117283
56961
79831
399844
1827
5396
2676
64922
407006
27231
677818
11075
55586
312
79727
645642
400077
1667
117285
440570
650293
646643
79501
266697
645037
100302204
3107
677804
729422
729396
441308
