Names	total	elements

GSE33814 GSE37031 GSE48452 GSE63067 GSE89632	1	
3485


GSE33814 GSE37031 GSE48452 GSE89632	2	
10912
8835

GSE33814 GSE37031 GSE63067 GSE89632	1	
84803

GSE33814 GSE37031 GSE89632	10	
51280
10537
7057
2353
3484
80303
8660
83716
55908
29947

GSE33814 GSE37031 GSE63067	1	
54112

GSE33814 GSE48452 GSE89632	1	
11075

GSE33814 GSE63067 GSE89632	1	
6364

GSE37031 GSE48452 GSE89632	6	
64651
2354
5033
4199
9415
29953

GSE37031 GSE63067 GSE89632	6	
6385
1052
22822
83597
117283
3557

GSE37031 GSE48452 GSE63067	1	
201799

GSE48452 GSE63067 GSE89632	1	
23089

GSE33814 GSE37031	16	211
54463
3949
4942
1543
2195
387763
55638
90634
3303
6898
9235
2877
56892
1672
1544

GSE33814 GSE89632	28	11015
388115
9023
55132
1026
5646
159371
8857
6347
3960
64393
54825
5376
6876
771
57016
5284
151126
312
2296
89870
2494
1013
51330
64072
3576
22865
1917

GSE33814 GSE48452	4	3479
6696
7070
10877

GSE33814 GSE63067	7	1278
8424
6716
6999
3248
114818
4311

GSE37031 GSE89632	34	150094
120224
9066
2326
80833
8870
90141
9314
3726
4609
467
1827
1316
4783
28984
3725
57678
8343
11221
84962
23764
1409
79782
7538
9540
1958
3491
4929
27289
158056
9510
79831
5996
3164

GSE37031 GSE63067	4	678
22936
6319
2027

GSE48452 GSE89632	5	4283
1581
2167
140862
7429

GSE63067 GSE89632	18	25976
1667
7113
6926
50940
552
3579
10135
168455
837
597
9590
10150
11067
3659
29126
2355
5900

GSE33814	378	7803
127
30008
81567
4316
84619
4060
7168
57007
4501
338094
4018
5918
79679
1259
9961
26002
2328
10244
2194
2274
65059
486
140606
94234
1728
10402
2939
10840
30851
107
39
84675
7466
55244
2719
581
201895
57801
1576
343071
8842
5730
27122
2220
6352
4493
23584
56241
5136
51166
3908
3251
3598
120425
1776
85409
54102
2192
55107
54659
7076
5105
6309
63924
5654
4256
27232
977
54996
182
1511
55089
7431
56925
4128
29958
1579
64816
51186
130
10516
388610
2239
8836
1557
2056
441282
84886
6590
3483
5327
388722
3790
4070
414328
7447
5629
78989
5603
2150
6720
130013
84168
847
2821
79987
4478
1634
6768
221357
51302
3490
440
1289
1282
25984
6035
1277
8510
6718
3489
1036
51227
27111
54206
29968
36
8425
2878
6363
83483
345557
125
4072
25840
51237
3880
3556
5159
161247
83643
2934
100133941
1535
4239
10891
56994
10418
165
5270
84795
140462
51557
915
4522
51171
64856
5649
8547
282679
55506
64776
392636
22837
8555
10
1805
11261
80201
7915
210
54363
6652
2920
11033
10164
79895
7169
133686
286410
4495
10653
4143
8912
54749
57600
8309
144363
348158
5444
2160
5502
51170
226
6529
5947
5214
4329
4913
6662
23423
3693
51266
84171
203228
4496
28234
285189
3931
10249
5053
7450
367
9970
23187
6694
3083
5166
6344
58489
80114
6554
84059
2182
3855
3956
133584
2995
3671
7033
552900
3398
2950
137872
9168
81618
6277
54097
10525
84790
3399
3575
79814
3250
79901
4240
10599
9315
81606
3781
6284
6372
7430
1809
5858
9780
56667
65997
2202
129807
590
4499
57111
2938
10878
6920
6342
8529
26508
6447
54997
5999
5604
134147
57124
26470
9920
1592
8864
10247
23408
4494
6275
476
29974
64699
5348
2633
3543
9289
2888
10020
635
339390
56521
55356
34
1346
64855
3078
10903
1806
2954
64094
57733
94081
3131
246778
11199
389434
6307
6653
6366
2998
26355
11185
47
6296
2042
5156
55256
871
302
401613
402
57142
23753
6714
3959
81494
284119
8407
5168
2165
7058
1837
3778
55227
8631
2327
3934
3512
18
9719
9104
1393
26577
127435
80115
6368
10319
28970
2053
5010
760
1366
1043
27141
10332
8613
23498
3306
25999
84693
90102
123264
10171
9071
6272
7399
4050
7296
2729
84735
345275
51179
117247

GSE37031	109	65986
8647
2538
152926
54886
337
53345
5473
91947
51109
10560
2330
284702
1522
10267
252995
9122
55902
9963
23133
85236
1959
100133116
50814
29095
91614
6462
29034
3422
3034
9518
1843
1831
1476
2222
51635
1359
154
6713
9611
1717
1848
80336
55266
230
7069
140290
80167
10099
6506
7050
353322
3394
1428
83872
84706
79071
6566
201161
11234
3625
390
80765
10157
55096
7465
4170
91107
135932
79841
114789
388
83729
23132
29098
10221
64762
5187
677
5244
65109
23411
7832
22849
1069
1490
171546
7763
25805
26471
10365
122622
5507
55603
4645
10468
55129
9592
374378
2627
26269
83953
54407
3017
5966
84561
79070
8644
3304

GSE89632	439	2678
8728
5979
1050
80176
29089
7004
11170
23409
7378
26022
8743
728
6541
90523
1969
6358
10633
3172
917
11213
29950
401388
79843
154075
164091
55222
10864
84159
159963
5873
389084
2114
730101
91862
9232
2676
5596
100131726
7098
6286
58490
84852
1130
5209
79807
100129583
27295
25854
10509
7056
26586
23223
693149
1723
11119
51222
729747
1440
63926
57060
5806
26220
91452
415116
440570
203197
1622
8013
80168
59272
493
796
79575
10144
6913
55120
79919
9832
7052
23082
1983
388125
142683
10957
26796
57162
2081
148523
8462
26777
2308
5069
4938
266697
56961
154467
5292
80339
28513
6283
25766
200315
55830
574447
84302
284723
604
654321
84057
374408
330
100113392
9674
57546
124222
5743
1174
51655
83591
84839
50509
7741
64321
56342
27099
5329
6502
64241
90167
55350
257629
646643
3976
9052
132671
23529
2827
8528
93129
7298
64332
81848
8793
1116
26157
692089
4291
619569
677792
57509
2041
51129
10797
100170841
1462
4681
407006
83758
4778
9110
8557
602
11030
11177
643418
10913
79501
389792
23151
24147
11130
79727
54674
10023
201229
650293
64150
57568
389337
26781
730417
3566
5008
11274
84138
406991
29053
3433
3775
3918
4151
4490
148223
5997
5055
8178
51284
55714
25941
22904
374383
23645
114786
400867
57415
5395
8651
23600
4791
2697
2824
6094
55509
9021
92691
56848
3067
3096
8715
1524
11113
5272
9725
51473
9094
54578
55166
6103
2358
55422
388121
3382
3357
6579
26232
3037
55867
220
25837
6781
399844
5990
4629
10301
8807
3268
64922
203111
1999
2204
3992
143879
2259
117285
100126299
114569
126433
59271
10625
55500
84617
284439
23569
6348
64864
400077
91894
653190
23224
3586
121227
51471
51659
22981
5590
1628
9173
56246
123016
84281
146225
154761
9586
25843
392617
2775
57082
148046
4327
54894
2012
1902
10057
2318
4489
672
1140
983
199699
7132
257160
6004
85450
26047
1154
4608
125113
7130
83539
3437
147463
162461
64386
2537
23594
10602
90007
494514
6542
72
3553
161753
49854
116832
112597
388796
6556
63905
2357
81575
2645
8416
5570
54510
1326
163782
148413
80117
345079
387640
3161
84167
10457
5265
11259
138715
6279
368
116285
23201
79007
4117
23704
6557
5054
23212
10750
57462
114815
1264
199675
60675
64108
1839
9816
5879
1960
5396
11009
645642
8875
2039
174
2892
688
3084
91748
8996
57605
283643
387890
341640
9020
29948
54873
347853
8334
3569
2852
8740
9649
54892
6583
2030
164832
29841
64064
3835
79635
9830
84248
147015
135112
8061
4162
58503
7043
27231
5029
6515
55005
8412
3175
145741
55304
283460
9945
283777
57405
5817
5732
6288
7474
201232
677818
162417
80149
60468
4616
122786
4939
154796
9507
259266
91663
55586
2669
692058

GSE48452	33	28439
28402
401109
100288805
28912
50802
8431
3500
55959
5981
652070
3039
79094
28396
80274
28442
5563
3507
650669
28424
4225
3514
3040
28309
3493
28831
54768
283392
253650
317730
3495
64881
2894

GSE63067	41	166929
79799
644246
734
253039
25961
262
6519
23514
6446
27075
8910
3983
65267
9252
85480
5346
1668
79054
56938
64581
4332
840
64167
9414
3964
9076
3383
144100
3459
4773
54101
6402
3950
960
64798
728358
7103
2171
54346
64207
